100.0
110.0
110.0
100.0
90.0
90.0
110.0
120.0
140.0
160.0
60.0
60.0
70.0
60.0
50.0
55.0
60.0
70.0
80.0
70.0
70.0
80.0
80.0
70.0
50.0
45.0
45.0
40.0
40.0
30.0
50.0
55.0
50.0
60.0
50.0
45.0
40.0
30.0
40.0
30.0
40.0
30.0
20.0
10.0
5.0
4.0
4.0
5.0
6.0
4.0
9.0
5.0
4.0
3.0
2.0
3.5
5.0
4.0
2.0
2.0
1.0
1.5
2.0
3.5
2.0
1.5
1.0
2.0
2.5
2.0
2.5
1.0
1.5
2.0
3.0
1.0
1.5
1.0
0.5
0.4
0.5
0.4
0.5
0.6
0.5
0.4
0.55
0.7
0.5
0.5
0.4
0.4
0.3
0.2
0.35
0.57
0.4
0.3
0.4
0.5
0.4
0.3
0.4
0.5
0.6
0.5
0.65
0.5
0.8
0.6
1.0
0.5
0.6
0.7
0.9
0.6
0.5
0.6
0.7
0.9
0.6
0.7
0.5
0.6
0.5
0.4
0.4
0.3
0.2
0.2
0.1
0.0
0.0
150.0
200.0
150.0
250.0
150.0
150.0
100.0
110.0
125.0
162.5
150.0
150.0
140.0
130.0
120.0
110.0
105.0
104.0
103.0
104.5
103.0
102.0
103.0
102.0
101.0
101.5
101.5
101.0
101.75
101.0
101.5
101.0
101.5
102.0
103.0
105.0
102.5
101.0
101.5
101.0
101.5
101.0
101.5
102.0
103.0
101.0
100.5
101.75
101.0
101.5
101.5
102.0
101.0
103.0
105.0
101.0
100.5
100.6
100.7
100.8
100.6
100.7
100.8
101.0
101.4
101.8
101.0
101.4
101.0
101.5
102.0
103.0
102.0
101.5
101.0
100.5
100.4
100.5
100.4
100.4
100.5
100.4
100.5
100.4
100.3
100.2
100.3
100.4
100.3
100.2
100.3
100.2
100.4
100.3
100.4
100.3
100.2
100.1
90.1
110.1
107.7
107.4
107.4
106.8
106.6
106.2
105.4
105.8
106.0
106.0
112.0
124.0
100.0
100.0
110.0
120.0
100.0
110.0
110.0
100.0
100.0
70.0
50.0
50.0
75.0
90.0
80.0
100.0
80.0
110.0
120.0
140.0
140.0
160.0
150.0
140.0
160.0
140.0
160.0
170.0
140.0
180.0
200.0
100.0
90.0
110.0
100.0
110.0
120.0
100.0
50.0
150.0
125.0
150.0
145.0
150.0
145.0
148.75
152.5
150.0
150.0
155.0
147.5
145.0
142.5
143.25
142.0
141.0
140.5
140.4
140.5
140.25
140.15
140.3
140.15
140.0
100.0
200.0
300.0
250.0
225.0
250.0
225.0
215.0
225.0
237.5
220.0
210.0
215.0
200.0
100.0
100.0
137.5
167.5
150.0
175.0
150.0
125.0
112.5
106.25
112.5
100.0
100.0
250.0
275.0
260.0
250.0
250.0
225.0
250.0
275.0
312.5
325.0
350.0
400.0
390.0
390.0
400.0
390.0
415.0
437.5
430.0
415.0
415.0
420.0
410.0
405.0
400.0
410.0
420.0
400.0
440.0
400.0
100.0
100.0
110.0
100.0
120.0
140.0
180.0
150.0
150.0
150.0
125.0
125.0
100.0
110.0
100.0
90.0
70.0
70.0
70.0
120.0
135.0
120.0
120.0
100.0
110.0
100.0
90.0
65.0
140.0
160.0
140.0
150.0
140.0
150.0
140.0
160.0
170.0
150.0
175.0
190.0
180.0
160.0
170.0
190.0
180.0
180.0
200.0
100.0
100.0
150.0
200.0
190.0
230.0
200.0
150.0
175.0
200.0
100.0
175.0
150.0
175.0
150.0
175.0
150.0
187.5
205.0
210.0
200.0
100.0
50.0
87.5
75.0
100.0
150.0
175.0
150.0
150.0
125.0
112.5
110.0
100.0
137.5
120.0
110.0
100.0
150.0
175.0
150.0
125.0
112.5
125.0
100.0
50.0
50.0
75.0
50.0
25.0
10.0
15.0
10.0
5.0
2.5
3.5
2.5
3.5
2.5
3.5
5.0
7.5
2.5
1.5
1.0
1.0
2.0
2.5
1.5
1.0
2.0
3.0
1.5
1.0
1.5
2.0
1.0
3.0
1.5
1.0
1.5
2.0
3.0
1.5
4.5
1.5
1.0
2.0
3.0
1.5
4.5
1.5
1.0
0.5
1.5
1.0
1.5
1.0
1.5
2.0
3.0
1.5
1.0
0.5
0.4
0.5
0.4
0.3
0.2
0.1
0.2
0.1
0.2
0.1
0.3
0.4
0.2
0.2
0.3
0.45
0.2
0.1
0.0
0.0
150.0
100.0
200.0
100.0
100.0
50.0
25.0
40.0
55.0
80.0
105.0
100.0
50.0
175.0
160.0
60.0
60.0
90.0
100.0
50.0
87.5
70.0
60.0
30.0
45.0
60.0
50.0
75.0
50.0
100.0
110.0
115.0
110.0
105.0
110.0
115.0
110.0
115.0
110.0
105.0
110.0
115.0
110.0
117.5
110.0
115.0
110.0
115.0
110.0
105.0
110.0
117.5
110.0
105.0
115.0
110.0
105.0
100.0
100.0
90.0
90.0
80.0
100.0
100.0
